"Priors"               
p 0.1187 0.1909 0.09241 0.007738 0.1751 0.1246 0.0892 0.201       
               
"Mu"               
t 0 0.1731880836 0.3673094582 0.3801047929 0.4535307743 0.6142266313 0.7381955854 0.9       
x 1.1810418804 1.2470398493 1.3855286885 1.3883701776 1.4166451772 1.4415903227 1.4458343783 1.4463859592       
y 0.27232494 0.3150364502 0.3246047918 0.3247256344 0.3249417575 0.3231467476 0.3213726055 0.3129894915       
z 1.0229378643 0.9812691735 0.9589900703 0.9589900703 0.9574326903 0.9544936864 0.9492746658 0.9445379034       
qx -0.6636718112 -0.6713540071 -0.6996840863 -0.7010625699 -0.7067306966 -0.6974366614 -0.686972995 -0.6737615942       
qy 0.1769384359 0.1505543279 0.0825115189 0.0767775996 0.0578254578 0.0493347667 0.0436745861 -0.0162326634       
qz 0.0958854949 0.1167773343 0.053063183 0.0478600194 0.0090506306 -0.0406415717 -0.0568305911 0.0112818291       
qw 0.7204432586 0.7162263928 0.7076851893 0.7073371839 0.7050574622 0.713790198 0.7231396259 0.7386843271       
x 0.7262585312 0.7429869308 0.7911621393 0.7923925388 0.7982251903 0.8194384579 0.8184640915 0.8055075963       
y 0.5036878974 0.4839541676 0.4274729623 0.4432367281 0.4447892664 0.4589720722 0.4589720722 0.4501463184       
z 0.8060409629 0.7979668952 0.808755385 0.8075442919 0.8134655276 0.8223418977 0.8259755884 0.8202438208       
qx -0.000000129 -0.0000101 -0.00000435 -0.00000375 -0.00000236 -0.00000134 -2.13E-008 -0.000000156       
qy -0.000000129 0.0000286 0.000000561 0.00000116 -0.000000228 0.000000555 -0.000000761 0.000000156       
qz -0.0599311707 -0.0043785897 -0.0029208987 -0.0033084076 -0.0033092057 -0.0033105649 -0.0033105649 -0.0033109499       
qw 0.9982025119 0.9999904135 0.9999957342 0.9999945272 0.9999945246 0.9999945201 0.9999945201 0.9999945188       
               
"Sigma1"               
s 0.002 0.0001 0.0007 -0.0008 0.0001 -0.0004 0 -0.0003 0.0014 -0.0001 0.0002 0 0 0.0006 -0.0026
s 0.0001 0.0018 -0.0008 0.0003 -0.0012 -0.001 -0.001 -0.001 -0.0039 0.0003 -0.0009 0 0 -0.0038 0.0065
s 0.0007 -0.0008 0.0053 0.0003 0.0001 -0.0008 -0.0002 -0.0003 -0.0014 0.0002 0.0002 0 0 -0.0019 0.0023
s -0.0008 0.0003 0.0003 0.0035 0.0001 -0.0011 -0.0005 0.0001 -0.0059 0.0008 0.0011 0 0 -0.0061 0.0096
s 0.0001 -0.0012 0.0001 0.0001 0.0014 0.0001 0.001 0.0005 0.0028 0.0003 0.0006 0 0 0.0027 -0.0046
s -0.0004 -0.001 -0.0008 -0.0011 0.0001 0.0022 0.0007 0.001 0.0043 -0.0007 -0.0002 0 0 0.005 -0.0069
s 0 -0.001 -0.0002 -0.0005 0.001 0.0007 0.0012 0.0003 0.0038 0.0003 0 0 0 0.0042 -0.0062
s -0.0003 -0.001 -0.0003 0.0001 0.0005 0.001 0.0003 0.001 0.0016 -0.0005 0.0006 0 0 0.0017 -0.0025
s 0.0014 -0.0039 -0.0014 -0.0059 0.0028 0.0043 0.0038 0.0016 0.0274 -0.0005 -0.0019 0 0 0.0294 -0.0455
s -0.0001 0.0003 0.0002 0.0008 0.0003 -0.0007 0.0003 -0.0005 -0.0005 0.0476 0.0023 0 0 0.0005 -0.0013
s 0.0002 -0.0009 0.0002 0.0011 0.0006 -0.0002 0 0.0006 -0.0019 0.0023 0.0019 0 0 -0.003 0.0029
s 0 0 0 0 0 0 0 0 0 0 0 0 0 0 0
s 0 0 0 0 0 0 0 0 0 0 0 0 0 0 0
s 0.0006 -0.0038 -0.0019 -0.0061 0.0027 0.005 0.0042 0.0017 0.0294 0.0005 -0.003 0 0 0.0334 -0.0483
s -0.0026 0.0065 0.0023 0.0096 -0.0046 -0.0069 -0.0062 -0.0025 -0.0455 -0.0013 0.0029 0 0 -0.0483 0.0762
               
"Sigma2"               
s 0.0057 0.0036 0.0006 -0.0008 0.001 -0.0018 -0.0003 -0.0004 0.0004 0.0009 0 0 0 0.0012 -0.0003
s 0.0036 0.0043 -0.0005 -0.001 -0.0003 -0.0003 -0.0002 -0.0003 -0.0008 0.0003 -0.0004 0 0 -0.0007 0.0012
s 0.0006 -0.0005 0.0022 0.0003 0.0015 -0.0027 -0.0001 -0.0011 -0.0006 0.0018 0.0002 0 0 -0.0011 0.0014
s -0.0008 -0.001 0.0003 0.0015 -0.0003 0.0005 -0.0001 0.0002 -0.0009 0.0001 0.0004 0 0 -0.0014 0.0012
s 0.001 -0.0003 0.0015 -0.0003 0.0028 -0.0027 0.0011 -0.0012 0.0008 0.0011 0.0004 0 0 0.0003 -0.0008
s -0.0018 -0.0003 -0.0027 0.0005 -0.0027 0.0044 -0.0004 0.0021 0.0008 -0.0018 -0.0003 0 0 0.0018 -0.002
s -0.0003 -0.0002 -0.0001 -0.0001 0.0011 -0.0004 0.0013 -0.0008 0.0003 0.0001 0 0 0 0.0002 -0.0004
s -0.0004 -0.0003 -0.0011 0.0002 -0.0012 0.0021 -0.0008 0.0022 0.0014 -0.0008 0.0001 0 0 0.0019 -0.0026
s 0.0004 -0.0008 -0.0006 -0.0009 0.0008 0.0008 0.0003 0.0014 0.0123 -0.0004 -0.0012 0 0 0.0158 -0.0202
s 0.0009 0.0003 0.0018 0.0001 0.0011 -0.0018 0.0001 -0.0008 -0.0004 0.0254 0.0015 0 0 -0.0013 0.0009
s 0 -0.0004 0.0002 0.0004 0.0004 -0.0003 0 0.0001 -0.0012 0.0015 0.0012 0 0 -0.0025 0.002
s 0 0 0 0 0 0 0 0 0 0 0 0 0 0 0
s 0 0 0 0 0 0 0 0 0 0 0 0 0 0 0
s 0.0012 -0.0007 -0.0011 -0.0014 0.0003 0.0018 0.0002 0.0019 0.0158 -0.0013 -0.0025 0 0 0.022 -0.0258
s -0.0003 0.0012 0.0014 0.0012 -0.0008 -0.002 -0.0004 -0.0026 -0.0202 0.0009 0.002 0 0 -0.0258 0.0335
               
"Sigma3"               
s 0.0071 0.0031 0.0005 -0.0006 0.0005 -0.0012 -0.0019 0.0021 0.0003 0.0012 0.0007 0 0 -0.0001 -0.0003
s 0.0031 0.0043 -0.0003 -0.0007 0.0002 -0.0003 -0.0001 0.0001 -0.0001 0.0002 0 0 0 0 0
s 0.0005 -0.0003 0.0019 -0.0002 0.0012 -0.002 -0.0014 0.001 -0.001 0.0021 0.0009 0 0 -0.0023 0.0028
s -0.0006 -0.0007 -0.0002 0.0003 -0.0001 0.0002 0.0004 -0.0003 0.0001 -0.0002 -0.0002 0 0 0.0002 -0.0003
s 0.0005 0.0002 0.0012 -0.0001 0.0045 -0.0044 0.002 -0.0034 -0.0004 0.0019 0.0001 0 0 -0.0007 0.0004
s -0.0012 -0.0003 -0.002 0.0002 -0.0044 0.0054 -0.0009 0.003 0.0004 -0.0024 -0.0003 0 0 0.001 -0.0007
s -0.0019 -0.0001 -0.0014 0.0004 0.002 -0.0009 0.004 -0.0046 0.0006 -0.0004 -0.0008 0 0 0.0015 -0.0021
s 0.0021 0.0001 0.001 -0.0003 -0.0034 0.003 -0.0046 0.0069 -0.0004 -0.0002 0.0011 0 0 -0.0016 0.0021
s 0.0003 -0.0001 -0.001 0.0001 -0.0004 0.0004 0.0006 -0.0004 0.0077 0.0007 -0.0012 0 0 0.0116 -0.0145
s 0.0012 0.0002 0.0021 -0.0002 0.0019 -0.0024 -0.0004 -0.0002 0.0007 0.0113 0.0039 0 0 -0.0031 0.0036
s 0.0007 0 0.0009 -0.0002 0.0001 -0.0003 -0.0008 0.0011 -0.0012 0.0039 0.0036 0 0 -0.005 0.005
s 0 0 0 0 0 0 0 0 0 0 0 0 0 0 0
s 0 0 0 0 0 0 0 0 0 0 0 0 0 0 0
s -0.0001 0 -0.0023 0.0002 -0.0007 0.001 0.0015 -0.0016 0.0116 -0.0031 -0.005 0 0 0.0207 -0.0244
s -0.0003 0 0.0028 -0.0003 0.0004 -0.0007 -0.0021 0.0021 -0.0145 0.0036 0.005 0 0 -0.0244 0.0303
               
"Sigma4"               
s 0.0153 0.0062 0.0008 -0.0012 0.0017 -0.0027 -0.0033 0.0033 0.0004 0.0025 0.0012 0 0 0.0004 -0.0011
s 0.0062 0.0056 -0.0005 -0.0009 0.0003 -0.0004 -0.0001 0 -0.0002 0.0002 0 0 0 0.0001 -0.0001
s 0.0008 -0.0005 0.0024 -0.0003 0.0012 -0.0022 -0.0018 0.0014 -0.0011 0.0024 0.0008 0 0 -0.0021 0.0027
s -0.0012 -0.0009 -0.0003 0.0004 -0.0001 0.0003 0.0004 -0.0004 0.0001 -0.0003 -0.0002 0 0 0.0001 -0.0003
s 0.0017 0.0003 0.0012 -0.0001 0.0046 -0.0044 0.0018 -0.0033 0.0001 0.0017 0 0 0 0.0001 -0.0007
s -0.0027 -0.0004 -0.0022 0.0003 -0.0044 0.0054 -0.0005 0.0025 0.0004 -0.0024 -0.0002 0 0 0.0006 -0.0004
s -0.0033 -0.0001 -0.0018 0.0004 0.0018 -0.0005 0.0044 -0.0052 0.001 -0.0009 -0.001 0 0 0.0019 -0.0026
s 0.0033 0 0.0014 -0.0004 -0.0033 0.0025 -0.0052 0.0075 -0.0009 0.0004 0.0014 0 0 -0.0022 0.0028
s 0.0004 -0.0002 -0.0011 0.0001 0.0001 0.0004 0.001 -0.0009 0.0084 0.0007 -0.0013 0 0 0.0124 -0.0158
s 0.0025 0.0002 0.0024 -0.0003 0.0017 -0.0024 -0.0009 0.0004 0.0007 0.0126 0.0036 0 0 -0.0031 0.0034
s 0.0012 0 0.0008 -0.0002 0 -0.0002 -0.001 0.0014 -0.0013 0.0036 0.004 0 0 -0.0053 0.0052
s 0 0 0 0 0 0 0 0 0 0 0 0 0 0 0
s 0 0 0 0 0 0 0 0 0 0 0 0 0 0 0
s 0.0004 0.0001 -0.0021 0.0001 0.0001 0.0006 0.0019 -0.0022 0.0124 -0.0031 -0.0053 0 0 0.0218 -0.0259
s -0.0011 -0.0001 0.0027 -0.0003 -0.0007 -0.0004 -0.0026 0.0028 -0.0158 0.0034 0.0052 0 0 -0.0259 0.0326
               
"Sigma5"               
s 0.0162 0.005 0.0004 -0.0008 0.0018 -0.002 -0.0033 0.0037 0.0001 0.0023 0.001 0 0 0.0003 -0.0013
s 0.005 0.0041 -0.0004 -0.0005 0.0004 -0.0004 0 -0.0001 -0.0001 0.0001 0 0 0 0.0002 -0.0003
s 0.0004 -0.0004 0.002 -0.0002 0.0006 -0.0013 -0.002 0.002 -0.0012 0.0017 0.0007 0 0 -0.0022 0.003
s -0.0008 -0.0005 -0.0002 0.0002 0 0.0001 0.0004 -0.0004 0.0001 -0.0002 -0.0002 0 0 0.0002 -0.0003
s 0.0018 0.0004 0.0006 0 0.0047 -0.0039 0.0022 -0.0038 0.0005 0.0011 -0.0004 0 0 0.0012 -0.0022
s -0.002 -0.0004 -0.0013 0.0001 -0.0039 0.0042 -0.0009 0.0027 0.0002 -0.0015 0.0002 0 0 -0.0002 0.0005
s -0.0033 0 -0.002 0.0004 0.0022 -0.0009 0.0052 -0.0064 0.0021 -0.0011 -0.0012 0 0 0.0037 -0.0052
s 0.0037 -0.0001 0.002 -0.0004 -0.0038 0.0027 -0.0064 0.0091 -0.0021 0.0009 0.0018 0 0 -0.0045 0.006
s 0.0001 -0.0001 -0.0012 0.0001 0.0005 0.0002 0.0021 -0.0021 0.0081 0.0008 -0.0012 0 0 0.0123 -0.016
s 0.0023 0.0001 0.0017 -0.0002 0.0011 -0.0015 -0.0011 0.0009 0.0008 0.0115 0.0041 0 0 -0.0036 0.0039
s 0.001 0 0.0007 -0.0002 -0.0004 0.0002 -0.0012 0.0018 -0.0012 0.0041 0.0051 0 0 -0.0067 0.0068
s 0 0 0 0 0 0 0 0 0 0 0 0 0 0 0
s 0 0 0 0 0 0 0 0 0 0 0 0 0 0 0
s 0.0003 0.0002 -0.0022 0.0002 0.0012 -0.0002 0.0037 -0.0045 0.0123 -0.0036 -0.0067 0 0 0.0239 -0.0288
s -0.0013 -0.0003 0.003 -0.0003 -0.0022 0.0005 -0.0052 0.006 -0.016 0.0039 0.0068 0 0 -0.0288 0.0367
               
"Sigma6"               
s 0.008 0.0009 -0.0001 -0.0002 0.0007 0 -0.001 0.0017 -0.0002 0.0002 -0.0001 0 0 0.0005 -0.0008
s 0.0009 0.0009 -0.0001 -0.0001 0.0005 -0.0003 0.0003 -0.0005 0.0001 -0.0001 -0.0002 0 0 0.0005 -0.0006
s -0.0001 -0.0001 0.0005 -0.0001 -0.0002 0.0002 -0.001 0.0015 -0.0007 0.0005 0.0003 0 0 -0.0014 0.0018
s -0.0002 -0.0001 -0.0001 0.0001 0.0001 -0.0001 0.0002 -0.0004 0 -0.0001 -0.0001 0 0 0.0002 -0.0002
s 0.0007 0.0005 -0.0002 0.0001 0.0055 -0.0035 0.004 -0.0064 0.0018 -0.0001 -0.0009 0 0 0.0037 -0.0057
s 0 -0.0003 0.0002 -0.0001 -0.0035 0.0028 -0.0028 0.0048 -0.0011 -0.0002 0.0004 0 0 -0.0021 0.0032
s -0.001 0.0003 -0.001 0.0002 0.004 -0.0028 0.0048 -0.0073 0.0027 -0.0008 -0.0014 0 0 0.0055 -0.0077
s 0.0017 -0.0005 0.0015 -0.0004 -0.0064 0.0048 -0.0073 0.012 -0.0039 0.001 0.002 0 0 -0.0077 0.011
s -0.0002 0.0001 -0.0007 0 0.0018 -0.0011 0.0027 -0.0039 0.0077 0.0007 -0.0009 0 0 0.0118 -0.0164
s 0.0002 -0.0001 0.0005 -0.0001 -0.0001 -0.0002 -0.0008 0.001 0.0007 0.011 0.0042 0 0 -0.0052 0.0061
s -0.0001 -0.0002 0.0003 -0.0001 -0.0009 0.0004 -0.0014 0.002 -0.0009 0.0042 0.0067 0 0 -0.0091 0.0099
s 0 0 0 0 0 0 0 0 0 0 0 0 0 0 0
s 0 0 0 0 0 0 0 0 0 0 0 0 0 0 0
s 0.0005 0.0005 -0.0014 0.0002 0.0037 -0.0021 0.0055 -0.0077 0.0118 -0.0052 -0.0091 0 0 0.028 -0.035
s -0.0008 -0.0006 0.0018 -0.0002 -0.0057 0.0032 -0.0077 0.011 -0.0164 0.0061 0.0099 0 0 -0.035 0.0463
               
"Sigma7"               
s 0.0032 0.0001 -0.0001 -0.0002 0.0004 0.0003 0 0.0008 0.0001 -0.0002 0.0001 0 0 0.0001 -0.0001
s 0.0001 0.0002 0 -0.0001 0.0002 -0.0001 0.0002 -0.0002 0.0002 -0.0002 -0.0002 0 0 0.0006 -0.0009
s -0.0001 0 0.0001 0 0 0.0001 -0.0003 0.0005 -0.0002 0.0002 0.0002 0 0 -0.0005 0.0007
s -0.0002 -0.0001 0 0.0001 0 -0.0001 0.0001 -0.0003 0 0 -0.0001 0 0 0 -0.0001
s 0.0004 0.0002 0 0 0.0035 -0.0017 0.0026 -0.0033 0.0017 -0.0004 -0.0003 0 0 0.0027 -0.0041
s 0.0003 -0.0001 0.0001 -0.0001 -0.0017 0.0025 -0.0019 0.004 -0.0012 -0.0003 0.0001 0 0 -0.0015 0.0022
s 0 0.0002 -0.0003 0.0001 0.0026 -0.0019 0.003 -0.0041 0.0018 -0.0006 -0.0008 0 0 0.0037 -0.0047
s 0.0008 -0.0002 0.0005 -0.0003 -0.0033 0.004 -0.0041 0.0079 -0.0031 0.0005 0.0011 0 0 -0.0053 0.0077
s 0.0001 0.0002 -0.0002 0 0.0017 -0.0012 0.0018 -0.0031 0.0073 0.0004 0.0006 0 0 0.0099 -0.0143
s -0.0002 -0.0002 0.0002 0 -0.0004 -0.0003 -0.0006 0.0005 0.0004 0.01 0.0036 0 0 -0.0077 0.0093
s 0.0001 -0.0002 0.0002 -0.0001 -0.0003 0.0001 -0.0008 0.0011 0.0006 0.0036 0.007 0 0 -0.0093 0.0106
s 0 0 0 0 0 0 0 0 0 0 0 0 0 0 0
s 0 0 0 0 0 0 0 0 0 0 0 0 0 0 0
s 0.0001 0.0006 -0.0005 0 0.0027 -0.0015 0.0037 -0.0053 0.0099 -0.0077 -0.0093 0 0 0.0294 -0.0374
s -0.0001 -0.0009 0.0007 -0.0001 -0.0041 0.0022 -0.0047 0.0077 -0.0143 0.0093 0.0106 0 0 -0.0374 0.0501
               
"Sigma8"               
s 0.0048 0 -0.0001 -0.0001 -0.0014 -0.0015 0.0032 0.0026 0.0007 -0.0002 0.0002 0 0 0.0002 -0.0003
s 0 0.0001 0 0 0.0026 0.0025 -0.0027 -0.0029 0 -0.0002 -0.0002 0 0 0.0002 -0.0001
s -0.0001 0 0.0001 0 0.001 0.0009 -0.0011 -0.001 -0.0001 0.0001 0.0001 0 0 -0.0002 0.0002
s -0.0001 0 0 0.0001 -0.0016 -0.0016 0.0014 0.0014 0 0 0 0 0 0 -0.0001
s -0.0014 0.0026 0.001 -0.0016 0.9006 0.8797 -0.9788 -1.0179 -0.0438 0.0016 -0.0183 0 0 -0.042 0.0923
s -0.0015 0.0025 0.0009 -0.0016 0.8797 0.8621 -0.9582 -0.9932 -0.0443 0.0014 -0.0178 0 0 -0.0431 0.0928
s 0.0032 -0.0027 -0.0011 0.0014 -0.9788 -0.9582 1.0687 1.1086 0.0487 -0.0023 0.0199 0 0 0.0471 -0.1019
s 0.0026 -0.0029 -0.001 0.0014 -1.0179 -0.9932 1.1086 1.1556 0.0487 -0.0022 0.0211 0 0 0.046 -0.1024
s 0.0007 0 -0.0001 0 -0.0438 -0.0443 0.0487 0.0487 0.0086 0.0007 -0.0006 0 0 0.0132 -0.0181
s -0.0002 -0.0002 0.0001 0 0.0016 0.0014 -0.0023 -0.0022 0.0007 0.0134 0.0038 0 0 -0.0063 0.0077
s 0.0002 -0.0002 0.0001 0 -0.0183 -0.0178 0.0199 0.0211 -0.0006 0.0038 0.0051 0 0 -0.0068 0.0073
s 0 0 0 0 0 0 0 0 0 0 0 0 0 0 0
s 0 0 0 0 0 0 0 0 0 0 0 0 0 0 0
s 0.0002 0.0002 -0.0002 0 -0.042 -0.0431 0.0471 0.046 0.0132 -0.0063 -0.0068 0 0 0.0282 -0.036
s -0.0003 -0.0001 0.0002 -0.0001 0.0923 0.0928 -0.1019 -0.1024 -0.0181 0.0077 0.0073 0 0 -0.036 0.0483
               
"Related_Object"               
pose -0.012 0.0236 -0.00953 0 0 0 1        
grasp 0.012 -0.0236 0.00953            
name Door
