"Priors"               
p 0.1181227103 0.1087049298 0.0645672455 0.1337142096 0.1802403643 0.1082206256 0.102470872 0.1839590429       
               
"Mu"               
t 0 0.1257310915 0.2461207231 0.3116669119 0.488308085 0.626891904 0.7416687794 0.9       
x 1.4671647878 1.4694528906 1.5989524761 1.7252395476 2.0732449949 2.2885516854 2.3648959866 2.4172       
y 0.3145099492 0.3128420056 0.3103346695 0.3015268504 0.1674339189 -0.0431778185 -0.2140317269 -0.40456       
z 0.9404128461 0.9227243544 0.914571496 0.915120843 0.9224306489 0.9327156663 0.9408564022 0.96617       
qx -0.6363654714 -0.5814376856 -0.5628896529 -0.5537756617 -0.5079198497 -0.4642371411 -0.4337018211 -0.3991089094       
qy 0.0143833571 0.0423602303 0.0763339803 0.1092404993 0.2188611483 0.292148286 0.332806483 0.4372914278       
qz 0.0024069999 -0.0002221246 -0.0429595021 -0.0992010648 -0.2839906002 -0.4115684034 -0.4755490297 -0.5459538995       
qw 0.7712498378 0.8124874025 0.8218776328 0.8194865335 0.7832410632 0.7278356306 0.6891993149 0.5928090967       
x 0.6829030472 0.6768643431 0.7353980487 0.7816529002 1.1081434406 1.6592912145 2.0354848286 2.1078293283       
y 0.4387429785 0.4368352103 0.4121522145 0.3755563222 0.258236553 0.1772846108 0.3921835843 0.295103355       
z 0.7608206902 0.7586172045 0.7754093543 0.7869674253 0.8177609855 0.8423681502 0.8792021732 0.8575274591       
qx -6.19E-007 -6.34E-007 -4.07E-006 -3.62E-006 -8.38E-006 -2.81E-005 -2.03E-006 5.03E-023       
qy -3.25E-006 -2.62E-006 7.78E-007 2.15E-006 -7.87E-006 -2.41E-005 2.56E-006 -1.22E-022       
qz -0.0096260693 -0.0096265311 0.1597290883 0.3613154532 0.3737755925 0.1882223907 -0.0096282945 -0.0097032432       
qw 0.9999536683 0.9999536639 0.9871608878 0.9324436408 0.9275191676 0.9821264329 0.9999536469 0.9999529224       
               
"Sigma1"               
s 0.0022 0.0003 0 -0.0003 -0.0329 -0.0313 0.0406 0.0399 0.0001 -0.0024 0.0007 0 0 0.002 -0.004
s 0.0003 0.0006 0.0001 -0.0001 0.0001 0.0001 -0.0001 -0.0001 0 -0.0001 0 0 0 0.0001 -0.0001
s 0 0.0001 0 0 -0.0037 -0.0032 0.0046 0.0047 -0.0001 0.0003 0.0001 0 0 -0.0004 0.0002
s -0.0003 -0.0001 0 0.0002 0.0043 0.0039 -0.0059 -0.0057 -0.0008 -0.0002 -0.0001 0 0 -0.0004 0.0008
s -0.0329 0.0001 -0.0037 0.0043 0.8272 0.7898 -1.0054 -0.9897 -0.0542 -0.0022 -0.0113 0 0 -0.0511 0.1015
s -0.0313 0.0001 -0.0032 0.0039 0.7898 0.7553 -0.9588 -0.9441 -0.0515 -0.0018 -0.0105 0 0 -0.0495 0.0973
s 0.0406 -0.0001 0.0046 -0.0059 -1.0054 -0.9588 1.2255 1.2057 0.0683 0.0034 0.014 0 0 0.0626 -0.1247
s 0.0399 -0.0001 0.0047 -0.0057 -0.9897 -0.9441 1.2057 1.1869 0.0665 0.0034 0.0137 0 0 0.0618 -0.1228
s 0.0001 0 -0.0001 -0.0008 -0.0542 -0.0515 0.0683 0.0665 0.0023 0.0005 0.0006 0 0 0.0207 -0.0291
s -0.0024 -0.0001 0.0003 -0.0002 -0.0022 -0.0018 0.0034 0.0034 0.0005 0.025 0.0045 0 0 -0.0016 0.0017
s 0.0007 0 0.0001 -0.0001 -0.0113 -0.0105 0.014 0.0137 0.0006 0.0045 0.0029 0 0 -0.0052 0.0058
s 0 0 0 0 0 0 0 0 0 0 0 0 0 0 0
s 0 0 0 0 0 0 0 0 0 0 0 0 0 0 0
s 0.002 0.0001 -0.0004 -0.0004 -0.0511 -0.0495 0.0626 0.0618 0.0207 -0.0016 -0.0052 0 0 0.0281 -0.0372
s -0.004 -0.0001 0.0002 0.0008 0.1015 0.0973 -0.1247 -0.1228 -0.0291 0.0017 0.0058 0 0 -0.0372 0.0515
               
"Sigma2"               
s 0.0024 0.0017 0 -0.0003 0 0.0011 -0.0001 0.0008 0.0007 0.0002 0.0002 0 0 0 0
s 0.0017 0.0086 -0.0001 -0.0003 0 0 0 0 0 0 0 0 0 0.0002 -0.0003
s 0 -0.0001 0.0001 0 -0.0011 0.0028 -0.0018 0.0026 -0.0001 0.0036 0.0005 0 0 0.0019 -0.0047
s -0.0003 -0.0003 0 0.0002 -0.0002 -0.0005 -0.0002 -0.0004 -0.0003 -0.0004 0.0001 0 0 -0.0001 0.0001
s 0 0 -0.0011 -0.0002 0.001 0 0.0007 0.0001 0.0005 -0.0002 0.0002 0 0 -0.0001 0.0001
s 0.0011 0 0.0028 -0.0005 0 0.003 0.0004 0.0016 -0.0004 0.002 0.0001 0 0 -0.0014 0.0014
s -0.0001 0 -0.0018 -0.0002 0.0007 0.0004 0.0013 -0.0003 0.0006 -0.0004 0.0004 0 0 -0.0009 0.0011
s 0.0008 0 0.0026 -0.0004 0.0001 0.0016 -0.0003 0.0014 -0.0003 0.0015 0 0 0 -0.0001 -0.0002
s 0.0007 0 -0.0001 -0.0003 0.0005 -0.0004 0.0006 -0.0003 0.0048 -0.0002 -0.0001 0 0 0.0179 -0.0245
s 0.0002 0 0.0036 -0.0004 -0.0002 0.002 -0.0004 0.0015 -0.0002 0.0184 0.0049 0 0 0 -0.001
s 0.0002 0 0.0005 0.0001 0.0002 0.0001 0.0004 0 -0.0001 0.0049 0.0038 0 0 -0.0062 0.0071
s 0 0 0 0 0 0 0 0 0 0 0 0 0 0 0
s 0 0 0 0 0 0 0 0 0 0 0 0 0 0 0
s 0 0.0002 0.0019 -0.0001 -0.0001 -0.0014 -0.0009 -0.0001 0.0179 0 -0.0062 0 0 0.0283 -0.0379
s 0 -0.0003 -0.0047 0.0001 0.0001 0.0014 0.0011 -0.0002 -0.0245 -0.001 0.0071 0 0 -0.0379 0.0531
               
"Sigma3"               
s 0.0035 0.0051 -0.0007 -0.0001 -0.0009 0.0017 -0.0017 0.0015 0.0031 -0.0003 -0.0002 0 0 0.001 -0.0012
s 0.0051 0.0297 -0.005 -0.0001 -0.0009 0.0016 -0.002 0.0014 0.0014 0.003 -0.0004 0 0 0.0015 -0.0027
s -0.0007 -0.005 0.0013 -0.0001 -0.0061 0.0097 -0.0113 0.0089 0.0035 0.0166 -0.0021 0 0 0.0053 -0.0098
s -0.0001 -0.0001 -0.0001 0.0001 0 0 0.0001 -0.0001 0.0001 -0.0002 0.0001 0 0 -0.0001 0.0001
s -0.0009 -0.0009 -0.0061 0 0.0016 -0.002 0.0023 -0.0016 -0.0008 -0.0034 0.0006 0 0 -0.0013 0.0021
s 0.0017 0.0016 0.0097 0 -0.002 0.0035 -0.0034 0.0028 0.0012 0.0055 -0.0005 0 0 0.0015 -0.0028
s -0.0017 -0.002 -0.0113 0.0001 0.0023 -0.0034 0.0046 -0.0035 -0.0015 -0.0062 0.0011 0 0 -0.0026 0.0043
s 0.0015 0.0014 0.0089 -0.0001 -0.0016 0.0028 -0.0035 0.0029 0.0007 0.0049 -0.0007 0 0 0.0014 -0.0026
s 0.0031 0.0014 0.0035 0.0001 -0.0008 0.0012 -0.0015 0.0007 0.0148 -0.0028 -0.0021 0 0 0.0126 -0.017
s -0.0003 0.003 0.0166 -0.0002 -0.0034 0.0055 -0.0062 0.0049 -0.0028 0.0126 0.0045 0 0 0.0032 -0.0056
s -0.0002 -0.0004 -0.0021 0.0001 0.0006 -0.0005 0.0011 -0.0007 -0.0021 0.0045 0.0048 0 0 -0.0083 0.0094
s 0 0 0 0 0 0 0 0 0 0 0 0 0 0 0
s 0 0 0 0 0 0 0 0 0 0 0 0 0 0 0
s 0.001 0.0015 0.0053 -0.0001 -0.0013 0.0015 -0.0026 0.0014 0.0126 0.0032 -0.0083 0 0 0.0244 -0.029
s -0.0012 -0.0027 -0.0098 0.0001 0.0021 -0.0028 0.0043 -0.0026 -0.017 -0.0056 0.0094 0 0 -0.029 0.0376
               
"Sigma4"               
s 0.0088 0.0142 -0.0038 -0.0001 -0.0021 0.0046 -0.0057 0.0044 0.0108 -0.0032 -0.0007 0 0 0.0045 -0.0065
s 0.0142 0.0471 -0.0146 0.0001 -0.0021 0.0053 -0.0071 0.0043 0.0036 0.0159 -0.0001 0 0 0.0008 -0.0023
s -0.0038 -0.0146 0.0067 -0.0002 -0.008 0.0163 -0.0205 0.0143 0.0106 0.0393 -0.0028 0 0 0.0107 -0.0168
s -0.0001 0.0001 -0.0002 0.0001 0 0.0001 0 0 0.0002 0.0002 0.0001 0 0 -0.0001 0
s -0.0021 -0.0021 -0.008 0 0.0017 -0.0027 0.0033 -0.0022 -0.0017 -0.0061 0.0006 0 0 -0.0021 0.0031
s 0.0046 0.0053 0.0163 0.0001 -0.0027 0.0061 -0.0069 0.0049 0.0038 0.0137 -0.0005 0 0 0.0026 -0.0046
s -0.0057 -0.0071 -0.0205 0 0.0033 -0.0069 0.0093 -0.0062 -0.0045 -0.0178 0.001 0 0 -0.0036 0.0059
s 0.0044 0.0043 0.0143 0 -0.0022 0.0049 -0.0062 0.0045 0.0029 0.0113 -0.0008 0 0 0.0033 -0.0051
s 0.0108 0.0036 0.0106 0.0002 -0.0017 0.0038 -0.0045 0.0029 0.0525 -0.0116 -0.0014 0 0 0.0146 -0.0207
s -0.0032 0.0159 0.0393 0.0002 -0.0061 0.0137 -0.0178 0.0113 -0.0116 0.0164 0.0042 0 0 0.0044 -0.0092
s -0.0007 -0.0001 -0.0028 0.0001 0.0006 -0.0005 0.001 -0.0008 -0.0014 0.0042 0.004 0 0 -0.0075 0.0096
s 0 0 0 0 0 0 0 0 0 0 0 0 0 0 0
s 0 0 0 0 0 0 0 0 0 0 0 0 0 0 0
s 0.0045 0.0008 0.0107 -0.0001 -0.0021 0.0026 -0.0036 0.0033 0.0146 0.0044 -0.0075 0 0 0.0315 -0.0411
s -0.0065 -0.0023 -0.0168 0 0.0031 -0.0046 0.0059 -0.0051 -0.0207 -0.0092 0.0096 0 0 -0.0411 0.0555
               
"Sigma5"               
s 0.0102 0.0172 -0.0115 0.0005 -0.0019 0.0058 -0.0088 0.0046 0.0272 -0.0014 0.0002 0 0 -0.0006 0.0001
s 0.0172 0.0483 -0.0306 0.0013 -0.0032 0.0108 -0.0176 0.0078 -0.0072 0.0658 0.0033 0 0 -0.0086 0.0108
s -0.0115 -0.0306 0.0267 -0.001 -0.0057 0.0165 -0.0249 0.0135 0.0017 0.0745 0.0025 0 0 -0.0012 0.0005
s 0.0005 0.0013 -0.001 0.0002 -0.0002 0.0005 -0.0006 0.0003 -0.0002 0.0022 0.0002 0 0 -0.0003 0.0005
s -0.0019 -0.0032 -0.0057 -0.0002 0.0009 -0.002 0.0028 -0.0015 -0.0008 -0.0076 -0.0001 0 0 -0.0004 0.0006
s 0.0058 0.0108 0.0165 0.0005 -0.002 0.0063 -0.0086 0.0045 0.0021 0.0248 0.001 0 0 -0.0005 0
s -0.0088 -0.0176 -0.0249 -0.0006 0.0028 -0.0086 0.0135 -0.0068 0.0004 -0.0419 -0.0015 0 0 0.0024 -0.0025
s 0.0046 0.0078 0.0135 0.0003 -0.0015 0.0045 -0.0068 0.0039 0.0013 0.0184 0.0006 0 0 0.0003 -0.0008
s 0.0272 -0.0072 0.0017 -0.0002 -0.0008 0.0021 0.0004 0.0013 0.2126 0.0262 0.0101 0 0 0.0144 -0.0226
s -0.0014 0.0658 0.0745 0.0022 -0.0076 0.0248 -0.0419 0.0184 0.0262 0.0306 0.0037 0 -0.0001 -0.0227 0.0292
s 0.0002 0.0033 0.0025 0.0002 -0.0001 0.001 -0.0015 0.0006 0.0101 0.0037 0.0031 0 0 -0.0031 0.0044
s 0 0 0 0 0 0 0 0 0 0 0 0 0 0 0
s 0 0 0 0 0 0 0 0 0 -0.0001 0 0 0 0 -0.0001
s -0.0006 -0.0086 -0.0012 -0.0003 -0.0004 -0.0005 0.0024 0.0003 0.0144 -0.0227 -0.0031 0 0 0.0151 -0.0222
s 0.0001 0.0108 0.0005 0.0005 0.0006 0 -0.0025 -0.0008 -0.0226 0.0292 0.0044 0 -0.0001 -0.0222 0.0366
               
"Sigma6"               
s 0.0069 0.0078 -0.0096 0.0006 -0.0009 0.0032 -0.0053 0.0017 0.0209 0.0056 0.0003 0 0 -0.0064 0.0103
s 0.0078 0.0187 -0.0194 0.001 -0.0018 0.0068 -0.0134 0.0042 -0.0234 0.062 0.0041 0 0 -0.019 0.0285
s -0.0096 -0.0194 0.0259 -0.0013 -0.0016 0.0067 -0.0116 0.0043 -0.0101 0.0457 0.0032 0 0 -0.0124 0.0214
s 0.0006 0.001 -0.0013 0.0002 -0.0002 0.0004 -0.0005 0.0001 -0.0009 0.0027 0.0002 0 0 -0.0008 0.0014
s -0.0009 -0.0018 -0.0016 -0.0002 0.0005 -0.0008 0.001 -0.0002 0.0007 -0.0038 0 0 0 0.0009 -0.0016
s 0.0032 0.0068 0.0067 0.0004 -0.0008 0.0038 -0.0047 0.0017 -0.0002 0.013 0.0004 0 0 -0.0032 0.0059
s -0.0053 -0.0134 -0.0116 -0.0005 0.001 -0.0047 0.0083 -0.0028 0.0073 -0.03 -0.0017 0 0 0.0085 -0.0136
s 0.0017 0.0042 0.0043 0.0001 -0.0002 0.0017 -0.0028 0.0012 -0.0014 0.0095 0.0007 0 0 -0.0024 0.004
s 0.0209 -0.0234 -0.0101 -0.0009 0.0007 -0.0002 0.0073 -0.0014 0.2098 0.0845 0.0138 0 0 0.0247 -0.0306
s 0.0056 0.062 0.0457 0.0027 -0.0038 0.013 -0.03 0.0095 0.0845 0.0659 0.0066 0 0 -0.0493 0.073
s 0.0003 0.0041 0.0032 0.0002 0 0.0004 -0.0017 0.0007 0.0138 0.0066 0.004 0 0 -0.0033 0.0041
s 0 0 0 0 0 0 0 0 0 0 0 0 0 0 0
s 0 0 0 0 0 0 0 0 0 0 0 0 0 0.0001 -0.0001
s -0.0064 -0.019 -0.0124 -0.0008 0.0009 -0.0032 0.0085 -0.0024 0.0247 -0.0493 -0.0033 0 0.0001 0.021 -0.0301
s 0.0103 0.0285 0.0214 0.0014 -0.0016 0.0059 -0.0136 0.004 -0.0306 0.073 0.0041 0 -0.0001 -0.0301 0.0509
               
"Sigma7"               
s 0.0032 0.002 -0.0042 0.0002 -0.0002 0.0012 -0.0024 0.0004 0.0055 0.0018 0 0 0 -0.0011 0.0019
s 0.002 0.0031 -0.0059 0.0003 -0.0004 0.0035 -0.0068 0.0013 -0.0087 0.0239 0.0024 0 0 -0.0064 0.0083
s -0.0042 -0.0059 0.0133 -0.0006 -0.0002 0.0018 -0.0032 0.0007 -0.0042 0.0099 0.0013 0 0 -0.0031 0.0043
s 0.0002 0.0003 -0.0006 0.0001 -0.0001 0.0002 -0.0002 0 -0.0003 0.001 0.0002 0 0 -0.0001 0.0002
s -0.0002 -0.0004 -0.0002 -0.0001 0.0008 -0.0004 0.0003 0.0004 -0.0002 -0.0006 0.0005 0 0 0.0001 -0.0001
s 0.0012 0.0035 0.0018 0.0002 -0.0004 0.0033 -0.0031 0.0006 0.0039 -0.0005 -0.0004 0 0 -0.0001 0.0007
s -0.0024 -0.0068 -0.0032 -0.0002 0.0003 -0.0031 0.0049 -0.001 0.0002 -0.0079 0.0001 0 0 0.0022 -0.0031
s 0.0004 0.0013 0.0007 0 0.0004 0.0006 -0.001 0.0005 0.0003 0.0011 0.0002 0 0 -0.0004 0.0007
s 0.0055 -0.0087 -0.0042 -0.0003 -0.0002 0.0039 0.0002 0.0003 0.0937 0.0476 0.0105 0 0 0.01 -0.0125
s 0.0018 0.0239 0.0099 0.001 -0.0006 -0.0005 -0.0079 0.0011 0.0476 0.0415 0.0079 0 0 -0.0173 0.0207
s 0 0.0024 0.0013 0.0002 0.0005 -0.0004 0.0001 0.0002 0.0105 0.0079 0.0067 0 0 -0.0023 0.0029
s 0 0 0 0 0 0 0 0 0 0 0 0 0 0 0
s 0 0 0 0 0 0 0 0 0 0 0 0 0 0 0
s -0.0011 -0.0064 -0.0031 -0.0001 0.0001 -0.0001 0.0022 -0.0004 0.01 -0.0173 -0.0023 0 0 0.0081 -0.0096
s 0.0019 0.0083 0.0043 0.0002 -0.0001 0.0007 -0.0031 0.0007 -0.0125 0.0207 0.0029 0 0 -0.0096 0.0125
               
"Sigma8"               
s 0.0042 0.0006 -0.0025 0.0005 -0.0009 0.0015 -0.0013 -0.0005 0.0004 -0.0023 0.0002 0 0 -0.0003 0.0002
s 0.0006 0.0004 -0.0013 0.0002 -0.0023 0.0037 -0.003 -0.0011 0.0034 0.0007 0.0002 0 0 0.0013 -0.0009
s -0.0025 -0.0013 0.0059 -0.0009 -0.0004 0.001 -0.0009 -0.0001 0.001 -0.0005 0.0001 0 0 0.0004 -0.0003
s 0.0005 0.0002 -0.0009 0.0003 -0.0008 0.0007 -0.0005 -0.0005 0.0002 0.0007 0.0001 0 0 0.0002 -0.0002
s -0.0009 -0.0023 -0.0004 -0.0008 0.0036 -0.001 0.0011 0.0025 0.0004 -0.0038 -0.0005 0 0 0.0002 -0.0003
s 0.0015 0.0037 0.001 0.0007 -0.001 0.0041 -0.0026 -0.0001 0.005 -0.0053 -0.0004 0 0 0.0023 -0.0019
s -0.0013 -0.003 -0.0009 -0.0005 0.0011 -0.0026 0.0028 0.0003 -0.003 0.0016 0.0009 0 0 -0.0011 0.0009
s -0.0005 -0.0011 -0.0001 -0.0005 0.0025 -0.0001 0.0003 0.0018 0.001 -0.0034 -0.0005 0 0 0.0004 -0.0003
s 0.0004 0.0034 0.001 0.0002 0.0004 0.005 -0.003 0.001 0.0545 0.0269 0.0044 0 0 0.0037 -0.0034
s -0.0023 0.0007 -0.0005 0.0007 -0.0038 -0.0053 0.0016 -0.0034 0.0269 0.0202 0.0034 0 0 -0.0087 0.0076
s 0.0002 0.0002 0.0001 0.0001 -0.0005 -0.0004 0.0009 -0.0005 0.0044 0.0034 0.005 0 0 -0.0006 0.0004
s 0 0 0 0 0 0 0 0 0 0 0 0 0 0 0
s 0 0 0 0 0 0 0 0 0 0 0 0 0 0 0
s -0.0003 0.0013 0.0004 0.0002 0.0002 0.0023 -0.0011 0.0004 0.0037 -0.0087 -0.0006 0 0 0.0074 -0.0066
s 0.0002 -0.0009 -0.0003 -0.0002 -0.0003 -0.0019 0.0009 -0.0003 -0.0034 0.0076 0.0004 0 0 -0.0066 0.0062
               
"Related_Object"               
pose -0.012 0.0236 -0.00953 0 0 0 1        
grasp 0.012 -0.0236 0.00953            
name Door              
