Type		String, one of 'grasp', 'move', 'release'	# type of the motion
kP		Int, 400					# model parameter, scaling velocity, position
kV		Int, 10						# model parameter, scaling velocity, position
Priors		Double[NrOfGaussians]				# priors of model gaussians
Mu		Double[15 x NrOfGaussians]			# mean values of the gaussians of model
Sigma		Double[15 x 15 x NrOfGaussians]			# covariances of the model
StartState	Double[15] 					# current robot state
GoalState	Double[15]					# goal of the motion





NrOfGaussians ist die Anzahl an Verteilungen die verwendet wird um die Bewegung zu modelieren. Etwa zwischen 5 und 20.

Hier noch ein Zahlenbeispiel f체r das Greifen vom T체rgriff in der gazebo welt 

Type: 'grasp'
kP: 400
kV: 10
Priors: [0.1187	0.1909	0.09241	0.007738	0.1751	0.1246	0.0892	0.201]
Mu:
0.00000000000000	0.173188083592708	0.367309458218549	0.380104792882698	0.453530774329283	0.614226631320999	0.738195585398957	0.900000000000000
1.18104188036229	1.24703984931707	1.38552868847541	1.38837017755279	1.41664517721331	1.44159032274817	1.44583437828946	1.44638595920632
0.272324940046241	0.315036450184172	0.324604791838680	0.324725634379114	0.324941757517532	0.323146747630784	0.321372605460772	0.312989491484698
1.02293786434879	0.981269173484433	0.958990070261635	0.958990070261635	0.957432690345203	0.954493686375254	0.949274665799762	0.944537903397544
-0.663671811171708	-0.671354007111273	-0.699684086321738	-0.701062569948087	-0.706730696575971	-0.697436661424609	-0.686972995006119	-0.673761594190166
0.176938435935717	0.150554327863254	0.0825115189380678	0.0767775995979430	0.0578254577699464	0.0493347666924133	0.0436745860944273	-0.0162326633951788
0.0958854949405683	0.116777334323646	0.0530631829619312	0.0478600194076192	0.00905063056383643	-0.0406415716709851	-0.0568305911022518	0.0112818291149874
0.720443258560096	0.716226392759680	0.707685189335340	0.707337183922961	0.705057462223709	0.713790197991268	0.723139625920729	0.738684327142011
0.726258531211385	0.742986930774226	0.791162139306635	0.792392538771543	0.798225190270549	0.819438457875515	0.818464091524028	0.805507596334942
0.503687897436651	0.483954167638114	0.427472962278096	0.443236728123664	0.444789266439116	0.458972072172898	0.458972072172898	0.450146318377209
0.806040962906084	0.797966895238917	0.808755384980851	0.807544291899001	0.813465527618173	0.822341897689989	0.825975588367324	0.820243820751792
-1.29441756854900e-07	-1.00738738857649e-05	-4.34805551913700e-06	-3.74853540664188e-06	-2.36026429266424e-06	-1.33765824461176e-06	-2.13053142579848e-08	-1.55558925435056e-07
-1.29441756854900e-07	2.85771853790689e-05	5.61215508684266e-07	1.16073653380274e-06	-2.27534098862167e-07	5.54911940942709e-07	-7.61440989411132e-07	1.55558925435056e-07
-0.0599311707160595	-0.00437858970530824	-0.00292089866730525	-0.00330840761844380	-0.00330920573415211	-0.00331056487429165	-0.00331056487429193	-0.00331094988564126
0.998202511906562	0.999990413471076	0.999995734156779	0.999994527196840	0.999994524560903	0.999994520064043	0.999994520064802	0.999994518790381

erkl채rung zu den Zeilen: (8 Spalten, eine f체r jede Verteilung des Models)
Zeit
x_gripper
y_gripper
z_gripper
qx_gripper
qy_gripper
qz_gripper
qw_gripper
x_base
y_base
z_base
qx_base
qy_base
qz_base
qw_base



Sigma:

val(:,:,1) =

    0.0020    0.0001    0.0007   -0.0008    0.0001   -0.0004    0.0000   -0.0003    0.0014   -0.0001    0.0002    0.0000   -0.0000    0.0006   -0.0026
    0.0001    0.0018   -0.0008    0.0003   -0.0012   -0.0010   -0.0010   -0.0010   -0.0039    0.0003   -0.0009   -0.0000    0.0000   -0.0038    0.0065
    0.0007   -0.0008    0.0053    0.0003    0.0001   -0.0008   -0.0002   -0.0003   -0.0014    0.0002    0.0002   -0.0000    0.0000   -0.0019    0.0023
   -0.0008    0.0003    0.0003    0.0035    0.0001   -0.0011   -0.0005    0.0001   -0.0059    0.0008    0.0011   -0.0000    0.0000   -0.0061    0.0096
    0.0001   -0.0012    0.0001    0.0001    0.0014    0.0001    0.0010    0.0005    0.0028    0.0003    0.0006    0.0000   -0.0000    0.0027   -0.0046
   -0.0004   -0.0010   -0.0008   -0.0011    0.0001    0.0022    0.0007    0.0010    0.0043   -0.0007   -0.0002   -0.0000   -0.0000    0.0050   -0.0069
    0.0000   -0.0010   -0.0002   -0.0005    0.0010    0.0007    0.0012    0.0003    0.0038    0.0003   -0.0000   -0.0000   -0.0000    0.0042   -0.0062
   -0.0003   -0.0010   -0.0003    0.0001    0.0005    0.0010    0.0003    0.0010    0.0016   -0.0005    0.0006    0.0000   -0.0000    0.0017   -0.0025
    0.0014   -0.0039   -0.0014   -0.0059    0.0028    0.0043    0.0038    0.0016    0.0274   -0.0005   -0.0019   -0.0000   -0.0000    0.0294   -0.0455
   -0.0001    0.0003    0.0002    0.0008    0.0003   -0.0007    0.0003   -0.0005   -0.0005    0.0476    0.0023   -0.0000    0.0000    0.0005   -0.0013
    0.0002   -0.0009    0.0002    0.0011    0.0006   -0.0002   -0.0000    0.0006   -0.0019    0.0023    0.0019    0.0000   -0.0000   -0.0030    0.0029
    0.0000   -0.0000   -0.0000   -0.0000    0.0000   -0.0000   -0.0000    0.0000   -0.0000   -0.0000    0.0000    0.0000   -0.0000   -0.0000    0.0000
   -0.0000    0.0000    0.0000    0.0000   -0.0000   -0.0000   -0.0000   -0.0000   -0.0000    0.0000   -0.0000   -0.0000    0.0000   -0.0000    0.0000
    0.0006   -0.0038   -0.0019   -0.0061    0.0027    0.0050    0.0042    0.0017    0.0294    0.0005   -0.0030   -0.0000   -0.0000    0.0334   -0.0483
   -0.0026    0.0065    0.0023    0.0096   -0.0046   -0.0069   -0.0062   -0.0025   -0.0455   -0.0013    0.0029    0.0000    0.0000   -0.0483    0.0762


val(:,:,2) =

    0.0057    0.0036    0.0006   -0.0008    0.0010   -0.0018   -0.0003   -0.0004    0.0004    0.0009   -0.0000    0.0000   -0.0000    0.0012   -0.0003
    0.0036    0.0043   -0.0005   -0.0010   -0.0003   -0.0003   -0.0002   -0.0003   -0.0008    0.0003   -0.0004   -0.0000    0.0000   -0.0007    0.0012
    0.0006   -0.0005    0.0022    0.0003    0.0015   -0.0027   -0.0001   -0.0011   -0.0006    0.0018    0.0002    0.0000    0.0000   -0.0011    0.0014
   -0.0008   -0.0010    0.0003    0.0015   -0.0003    0.0005   -0.0001    0.0002   -0.0009    0.0001    0.0004   -0.0000    0.0000   -0.0014    0.0012
    0.0010   -0.0003    0.0015   -0.0003    0.0028   -0.0027    0.0011   -0.0012    0.0008    0.0011    0.0004    0.0000   -0.0000    0.0003   -0.0008
   -0.0018   -0.0003   -0.0027    0.0005   -0.0027    0.0044   -0.0004    0.0021    0.0008   -0.0018   -0.0003   -0.0000    0.0000    0.0018   -0.0020
   -0.0003   -0.0002   -0.0001   -0.0001    0.0011   -0.0004    0.0013   -0.0008    0.0003    0.0001    0.0000   -0.0000    0.0000    0.0002   -0.0004
   -0.0004   -0.0003   -0.0011    0.0002   -0.0012    0.0021   -0.0008    0.0022    0.0014   -0.0008    0.0001    0.0000   -0.0000    0.0019   -0.0026
    0.0004   -0.0008   -0.0006   -0.0009    0.0008    0.0008    0.0003    0.0014    0.0123   -0.0004   -0.0012   -0.0000   -0.0000    0.0158   -0.0202
    0.0009    0.0003    0.0018    0.0001    0.0011   -0.0018    0.0001   -0.0008   -0.0004    0.0254    0.0015    0.0000   -0.0000   -0.0013    0.0009
   -0.0000   -0.0004    0.0002    0.0004    0.0004   -0.0003    0.0000    0.0001   -0.0012    0.0015    0.0012    0.0000    0.0000   -0.0025    0.0020
    0.0000   -0.0000    0.0000   -0.0000    0.0000   -0.0000   -0.0000    0.0000   -0.0000    0.0000    0.0000    0.0000   -0.0000   -0.0000    0.0000
   -0.0000    0.0000    0.0000    0.0000   -0.0000    0.0000    0.0000   -0.0000   -0.0000   -0.0000    0.0000   -0.0000    0.0000    0.0000    0.0000
    0.0012   -0.0007   -0.0011   -0.0014    0.0003    0.0018    0.0002    0.0019    0.0158   -0.0013   -0.0025   -0.0000    0.0000    0.0220   -0.0258
   -0.0003    0.0012    0.0014    0.0012   -0.0008   -0.0020   -0.0004   -0.0026   -0.0202    0.0009    0.0020    0.0000    0.0000   -0.0258    0.0335


val(:,:,3) =

    0.0071    0.0031    0.0005   -0.0006    0.0005   -0.0012   -0.0019    0.0021    0.0003    0.0012    0.0007   -0.0000    0.0000   -0.0001   -0.0003
    0.0031    0.0043   -0.0003   -0.0007    0.0002   -0.0003   -0.0001    0.0001   -0.0001    0.0002   -0.0000    0.0000   -0.0000    0.0000    0.0000
    0.0005   -0.0003    0.0019   -0.0002    0.0012   -0.0020   -0.0014    0.0010   -0.0010    0.0021    0.0009    0.0000   -0.0000   -0.0023    0.0028
   -0.0006   -0.0007   -0.0002    0.0003   -0.0001    0.0002    0.0004   -0.0003    0.0001   -0.0002   -0.0002   -0.0000   -0.0000    0.0002   -0.0003
    0.0005    0.0002    0.0012   -0.0001    0.0045   -0.0044    0.0020   -0.0034   -0.0004    0.0019    0.0001   -0.0000    0.0000   -0.0007    0.0004
   -0.0012   -0.0003   -0.0020    0.0002   -0.0044    0.0054   -0.0009    0.0030    0.0004   -0.0024   -0.0003    0.0000   -0.0000    0.0010   -0.0007
   -0.0019   -0.0001   -0.0014    0.0004    0.0020   -0.0009    0.0040   -0.0046    0.0006   -0.0004   -0.0008   -0.0000   -0.0000    0.0015   -0.0021
    0.0021    0.0001    0.0010   -0.0003   -0.0034    0.0030   -0.0046    0.0069   -0.0004   -0.0002    0.0011    0.0000   -0.0000   -0.0016    0.0021
    0.0003   -0.0001   -0.0010    0.0001   -0.0004    0.0004    0.0006   -0.0004    0.0077    0.0007   -0.0012   -0.0000    0.0000    0.0116   -0.0145
    0.0012    0.0002    0.0021   -0.0002    0.0019   -0.0024   -0.0004   -0.0002    0.0007    0.0113    0.0039    0.0000   -0.0000   -0.0031    0.0036
    0.0007   -0.0000    0.0009   -0.0002    0.0001   -0.0003   -0.0008    0.0011   -0.0012    0.0039    0.0036    0.0000   -0.0000   -0.0050    0.0050
   -0.0000    0.0000    0.0000   -0.0000   -0.0000    0.0000   -0.0000    0.0000   -0.0000    0.0000    0.0000    0.0000   -0.0000   -0.0000    0.0000
    0.0000   -0.0000   -0.0000   -0.0000    0.0000   -0.0000   -0.0000   -0.0000    0.0000   -0.0000   -0.0000   -0.0000    0.0000    0.0000   -0.0000
   -0.0001    0.0000   -0.0023    0.0002   -0.0007    0.0010    0.0015   -0.0016    0.0116   -0.0031   -0.0050   -0.0000    0.0000    0.0207   -0.0244
   -0.0003    0.0000    0.0028   -0.0003    0.0004   -0.0007   -0.0021    0.0021   -0.0145    0.0036    0.0050    0.0000   -0.0000   -0.0244    0.0303


val(:,:,4) =

    0.0153    0.0062    0.0008   -0.0012    0.0017   -0.0027   -0.0033    0.0033    0.0004    0.0025    0.0012    0.0000   -0.0000    0.0004   -0.0011
    0.0062    0.0056   -0.0005   -0.0009    0.0003   -0.0004   -0.0001    0.0000   -0.0002    0.0002   -0.0000   -0.0000   -0.0000    0.0001   -0.0001
    0.0008   -0.0005    0.0024   -0.0003    0.0012   -0.0022   -0.0018    0.0014   -0.0011    0.0024    0.0008    0.0000   -0.0000   -0.0021    0.0027
   -0.0012   -0.0009   -0.0003    0.0004   -0.0001    0.0003    0.0004   -0.0004    0.0001   -0.0003   -0.0002   -0.0000    0.0000    0.0001   -0.0003
    0.0017    0.0003    0.0012   -0.0001    0.0046   -0.0044    0.0018   -0.0033    0.0001    0.0017    0.0000    0.0000    0.0000    0.0001   -0.0007
   -0.0027   -0.0004   -0.0022    0.0003   -0.0044    0.0054   -0.0005    0.0025    0.0004   -0.0024   -0.0002   -0.0000   -0.0000    0.0006   -0.0004
   -0.0033   -0.0001   -0.0018    0.0004    0.0018   -0.0005    0.0044   -0.0052    0.0010   -0.0009   -0.0010   -0.0000   -0.0000    0.0019   -0.0026
    0.0033    0.0000    0.0014   -0.0004   -0.0033    0.0025   -0.0052    0.0075   -0.0009    0.0004    0.0014    0.0000   -0.0000   -0.0022    0.0028
    0.0004   -0.0002   -0.0011    0.0001    0.0001    0.0004    0.0010   -0.0009    0.0084    0.0007   -0.0013   -0.0000    0.0000    0.0124   -0.0158
    0.0025    0.0002    0.0024   -0.0003    0.0017   -0.0024   -0.0009    0.0004    0.0007    0.0126    0.0036    0.0000   -0.0000   -0.0031    0.0034
    0.0012   -0.0000    0.0008   -0.0002    0.0000   -0.0002   -0.0010    0.0014   -0.0013    0.0036    0.0040    0.0000   -0.0000   -0.0053    0.0052
    0.0000   -0.0000    0.0000   -0.0000    0.0000   -0.0000   -0.0000    0.0000   -0.0000    0.0000    0.0000    0.0000   -0.0000   -0.0000    0.0000
   -0.0000   -0.0000   -0.0000    0.0000    0.0000   -0.0000   -0.0000   -0.0000    0.0000   -0.0000   -0.0000   -0.0000    0.0000    0.0000   -0.0000
    0.0004    0.0001   -0.0021    0.0001    0.0001    0.0006    0.0019   -0.0022    0.0124   -0.0031   -0.0053   -0.0000    0.0000    0.0218   -0.0259
   -0.0011   -0.0001    0.0027   -0.0003   -0.0007   -0.0004   -0.0026    0.0028   -0.0158    0.0034    0.0052    0.0000   -0.0000   -0.0259    0.0326


val(:,:,5) =

    0.0162    0.0050    0.0004   -0.0008    0.0018   -0.0020   -0.0033    0.0037    0.0001    0.0023    0.0010    0.0000    0.0000    0.0003   -0.0013
    0.0050    0.0041   -0.0004   -0.0005    0.0004   -0.0004   -0.0000   -0.0001   -0.0001    0.0001   -0.0000    0.0000   -0.0000    0.0002   -0.0003
    0.0004   -0.0004    0.0020   -0.0002    0.0006   -0.0013   -0.0020    0.0020   -0.0012    0.0017    0.0007    0.0000   -0.0000   -0.0022    0.0030
   -0.0008   -0.0005   -0.0002    0.0002    0.0000    0.0001    0.0004   -0.0004    0.0001   -0.0002   -0.0002   -0.0000    0.0000    0.0002   -0.0003
    0.0018    0.0004    0.0006    0.0000    0.0047   -0.0039    0.0022   -0.0038    0.0005    0.0011   -0.0004    0.0000    0.0000    0.0012   -0.0022
   -0.0020   -0.0004   -0.0013    0.0001   -0.0039    0.0042   -0.0009    0.0027    0.0002   -0.0015    0.0002   -0.0000   -0.0000   -0.0002    0.0005
   -0.0033   -0.0000   -0.0020    0.0004    0.0022   -0.0009    0.0052   -0.0064    0.0021   -0.0011   -0.0012    0.0000    0.0000    0.0037   -0.0052
    0.0037   -0.0001    0.0020   -0.0004   -0.0038    0.0027   -0.0064    0.0091   -0.0021    0.0009    0.0018    0.0000   -0.0000   -0.0045    0.0060
    0.0001   -0.0001   -0.0012    0.0001    0.0005    0.0002    0.0021   -0.0021    0.0081    0.0008   -0.0012   -0.0000    0.0000    0.0123   -0.0160
    0.0023    0.0001    0.0017   -0.0002    0.0011   -0.0015   -0.0011    0.0009    0.0008    0.0115    0.0041    0.0000   -0.0000   -0.0036    0.0039
    0.0010   -0.0000    0.0007   -0.0002   -0.0004    0.0002   -0.0012    0.0018   -0.0012    0.0041    0.0051    0.0000   -0.0000   -0.0067    0.0068
    0.0000    0.0000    0.0000   -0.0000    0.0000   -0.0000    0.0000    0.0000   -0.0000    0.0000    0.0000    0.0000   -0.0000   -0.0000    0.0000
    0.0000   -0.0000   -0.0000    0.0000    0.0000   -0.0000    0.0000   -0.0000    0.0000   -0.0000   -0.0000   -0.0000    0.0000    0.0000   -0.0000
    0.0003    0.0002   -0.0022    0.0002    0.0012   -0.0002    0.0037   -0.0045    0.0123   -0.0036   -0.0067   -0.0000    0.0000    0.0239   -0.0288
   -0.0013   -0.0003    0.0030   -0.0003   -0.0022    0.0005   -0.0052    0.0060   -0.0160    0.0039    0.0068    0.0000   -0.0000   -0.0288    0.0367


val(:,:,6) =

    0.0080    0.0009   -0.0001   -0.0002    0.0007   -0.0000   -0.0010    0.0017   -0.0002    0.0002   -0.0001   -0.0000    0.0000    0.0005   -0.0008
    0.0009    0.0009   -0.0001   -0.0001    0.0005   -0.0003    0.0003   -0.0005    0.0001   -0.0001   -0.0002    0.0000   -0.0000    0.0005   -0.0006
   -0.0001   -0.0001    0.0005   -0.0001   -0.0002    0.0002   -0.0010    0.0015   -0.0007    0.0005    0.0003   -0.0000    0.0000   -0.0014    0.0018
   -0.0002   -0.0001   -0.0001    0.0001    0.0001   -0.0001    0.0002   -0.0004    0.0000   -0.0001   -0.0001    0.0000    0.0000    0.0002   -0.0002
    0.0007    0.0005   -0.0002    0.0001    0.0055   -0.0035    0.0040   -0.0064    0.0018   -0.0001   -0.0009    0.0000    0.0000    0.0037   -0.0057
   -0.0000   -0.0003    0.0002   -0.0001   -0.0035    0.0028   -0.0028    0.0048   -0.0011   -0.0002    0.0004   -0.0000    0.0000   -0.0021    0.0032
   -0.0010    0.0003   -0.0010    0.0002    0.0040   -0.0028    0.0048   -0.0073    0.0027   -0.0008   -0.0014    0.0000   -0.0000    0.0055   -0.0077
    0.0017   -0.0005    0.0015   -0.0004   -0.0064    0.0048   -0.0073    0.0120   -0.0039    0.0010    0.0020   -0.0000    0.0000   -0.0077    0.0110
   -0.0002    0.0001   -0.0007    0.0000    0.0018   -0.0011    0.0027   -0.0039    0.0077    0.0007   -0.0009    0.0000    0.0000    0.0118   -0.0164
    0.0002   -0.0001    0.0005   -0.0001   -0.0001   -0.0002   -0.0008    0.0010    0.0007    0.0110    0.0042    0.0000   -0.0000   -0.0052    0.0061
   -0.0001   -0.0002    0.0003   -0.0001   -0.0009    0.0004   -0.0014    0.0020   -0.0009    0.0042    0.0067    0.0000   -0.0000   -0.0091    0.0099
   -0.0000    0.0000   -0.0000    0.0000    0.0000   -0.0000    0.0000   -0.0000    0.0000    0.0000    0.0000    0.0000   -0.0000    0.0000   -0.0000
    0.0000   -0.0000    0.0000    0.0000    0.0000    0.0000   -0.0000    0.0000    0.0000   -0.0000   -0.0000   -0.0000    0.0000    0.0000   -0.0000
    0.0005    0.0005   -0.0014    0.0002    0.0037   -0.0021    0.0055   -0.0077    0.0118   -0.0052   -0.0091    0.0000    0.0000    0.0280   -0.0350
   -0.0008   -0.0006    0.0018   -0.0002   -0.0057    0.0032   -0.0077    0.0110   -0.0164    0.0061    0.0099   -0.0000   -0.0000   -0.0350    0.0463


val(:,:,7) =

    0.0032    0.0001   -0.0001   -0.0002    0.0004    0.0003    0.0000    0.0008    0.0001   -0.0002    0.0001   -0.0000   -0.0000    0.0001   -0.0001
    0.0001    0.0002   -0.0000   -0.0001    0.0002   -0.0001    0.0002   -0.0002    0.0002   -0.0002   -0.0002   -0.0000    0.0000    0.0006   -0.0009
   -0.0001   -0.0000    0.0001   -0.0000   -0.0000    0.0001   -0.0003    0.0005   -0.0002    0.0002    0.0002    0.0000    0.0000   -0.0005    0.0007
   -0.0002   -0.0001   -0.0000    0.0001   -0.0000   -0.0001    0.0001   -0.0003   -0.0000   -0.0000   -0.0001   -0.0000    0.0000   -0.0000   -0.0001
    0.0004    0.0002   -0.0000   -0.0000    0.0035   -0.0017    0.0026   -0.0033    0.0017   -0.0004   -0.0003    0.0000    0.0000    0.0027   -0.0041
    0.0003   -0.0001    0.0001   -0.0001   -0.0017    0.0025   -0.0019    0.0040   -0.0012   -0.0003    0.0001   -0.0000   -0.0000   -0.0015    0.0022
    0.0000    0.0002   -0.0003    0.0001    0.0026   -0.0019    0.0030   -0.0041    0.0018   -0.0006   -0.0008    0.0000    0.0000    0.0037   -0.0047
    0.0008   -0.0002    0.0005   -0.0003   -0.0033    0.0040   -0.0041    0.0079   -0.0031    0.0005    0.0011   -0.0000   -0.0000   -0.0053    0.0077
    0.0001    0.0002   -0.0002   -0.0000    0.0017   -0.0012    0.0018   -0.0031    0.0073    0.0004    0.0006    0.0000   -0.0000    0.0099   -0.0143
   -0.0002   -0.0002    0.0002   -0.0000   -0.0004   -0.0003   -0.0006    0.0005    0.0004    0.0100    0.0036    0.0000   -0.0000   -0.0077    0.0093
    0.0001   -0.0002    0.0002   -0.0001   -0.0003    0.0001   -0.0008    0.0011    0.0006    0.0036    0.0070    0.0000   -0.0000   -0.0093    0.0106
   -0.0000   -0.0000    0.0000   -0.0000    0.0000   -0.0000    0.0000   -0.0000    0.0000    0.0000    0.0000    0.0000   -0.0000    0.0000   -0.0000
   -0.0000    0.0000    0.0000    0.0000    0.0000   -0.0000    0.0000   -0.0000   -0.0000   -0.0000   -0.0000   -0.0000    0.0000   -0.0000    0.0000
    0.0001    0.0006   -0.0005   -0.0000    0.0027   -0.0015    0.0037   -0.0053    0.0099   -0.0077   -0.0093    0.0000   -0.0000    0.0294   -0.0374
   -0.0001   -0.0009    0.0007   -0.0001   -0.0041    0.0022   -0.0047    0.0077   -0.0143    0.0093    0.0106   -0.0000    0.0000   -0.0374    0.0501


val(:,:,8) =

    0.0048   -0.0000   -0.0001   -0.0001   -0.0014   -0.0015    0.0032    0.0026    0.0007   -0.0002    0.0002    0.0000   -0.0000    0.0002   -0.0003
   -0.0000    0.0001   -0.0000   -0.0000    0.0026    0.0025   -0.0027   -0.0029   -0.0000   -0.0002   -0.0002   -0.0000    0.0000    0.0002   -0.0001
   -0.0001   -0.0000    0.0001    0.0000    0.0010    0.0009   -0.0011   -0.0010   -0.0001    0.0001    0.0001    0.0000    0.0000   -0.0002    0.0002
   -0.0001   -0.0000    0.0000    0.0001   -0.0016   -0.0016    0.0014    0.0014    0.0000    0.0000    0.0000   -0.0000   -0.0000   -0.0000   -0.0001
   -0.0014    0.0026    0.0010   -0.0016    0.9006    0.8797   -0.9788   -1.0179   -0.0438    0.0016   -0.0183    0.0000   -0.0000   -0.0420    0.0923
   -0.0015    0.0025    0.0009   -0.0016    0.8797    0.8621   -0.9582   -0.9932   -0.0443    0.0014   -0.0178    0.0000   -0.0000   -0.0431    0.0928
    0.0032   -0.0027   -0.0011    0.0014   -0.9788   -0.9582    1.0687    1.1086    0.0487   -0.0023    0.0199   -0.0000    0.0000    0.0471   -0.1019
    0.0026   -0.0029   -0.0010    0.0014   -1.0179   -0.9932    1.1086    1.1556    0.0487   -0.0022    0.0211   -0.0000    0.0000    0.0460   -0.1024
    0.0007   -0.0000   -0.0001    0.0000   -0.0438   -0.0443    0.0487    0.0487    0.0086    0.0007   -0.0006   -0.0000    0.0000    0.0132   -0.0181
   -0.0002   -0.0002    0.0001    0.0000    0.0016    0.0014   -0.0023   -0.0022    0.0007    0.0134    0.0038    0.0000   -0.0000   -0.0063    0.0077
    0.0002   -0.0002    0.0001    0.0000   -0.0183   -0.0178    0.0199    0.0211   -0.0006    0.0038    0.0051    0.0000    0.0000   -0.0068    0.0073
    0.0000   -0.0000    0.0000   -0.0000    0.0000    0.0000   -0.0000   -0.0000   -0.0000    0.0000    0.0000    0.0000   -0.0000   -0.0000    0.0000
   -0.0000    0.0000    0.0000   -0.0000   -0.0000   -0.0000    0.0000    0.0000    0.0000   -0.0000    0.0000   -0.0000    0.0000    0.0000   -0.0000
    0.0002    0.0002   -0.0002   -0.0000   -0.0420   -0.0431    0.0471    0.0460    0.0132   -0.0063   -0.0068   -0.0000    0.0000    0.0282   -0.0360
   -0.0003   -0.0001    0.0002   -0.0001    0.0923    0.0928   -0.1019   -0.1024   -0.0181    0.0077    0.0073    0.0000   -0.0000   -0.0360    0.0483


Eine Matrix pro Verteilung aus dem Model (8 hier)


 
